0 0 0
-1.55145e-31 0.00655143 0
-2.58911e-35 0.00668522 0
-8.95943e-32 0.00675701 0
4.98486e-30 0.00680523 0
3.8287e-28 0.00684115 0
1.83128e-36 0.00686957 0
-9.68787e-35 0.00689296 0
1.52359e-32 0.00691277 0
-7.92526e-32 0.0069299 0
0.00824263 0 0
0.000170367 0.00657132 0
0.000115451 0.00667966 0
0.000113883 0.00878528 0
7.04546e-05 0.00679383 0
7.55494e-05 0.00874215 0
5.08059e-05 0.0068588 0
5.64455e-05 0.00870873 0
3.97711e-05 0.00690313 0
0.00856528 0 0
0.000635542 0.00612844 0
0.000335029 0.00646127 0
0.00030097 0.00870663 0
0.000173416 0.00668889 0
0.000180434 0.0086995 0
0.000128587 0.00867964 0
0.000112383 0.00866957 0
7.92361e-05 0.00687656 0
0.00873936 0 0
0.000923537 0.00593702 0
0.000494269 0.00635489 0
0.000446167 0.00860465 0
0.000268725 0.0086376 0
0.00016782 0.00863076 0
0.000149081 0.0086254 0
0.00885665 0 0
0.000648355 0.00625199 0
0.000446478 0.00645798 0
0.000341004 0.00657651 0
0.000355768 0.00857656 0
0.00025456 0.00859141 0
0.000176147 0.00679426 0
0.000157262 0.00682404 0
0.00894421 0 0
0.000797535 0.00615241 0
0.000551994 0.00638736 0
0.000422705 0.00652173 0
0.000342793 0.006611 0
0.000368866 0.00853661 0
0.000316591 0.00854796 0
0.0090136 0 0
0.000942042 0.00605599 0
0.000655229 0.00631828 0
0.000503057 0.00646787 0
0.000408603 0.00656683 0
0.000344208 0.00663829 0
0.000297465 0.00669296 0
0.00029464 0.00852352 0
0.00907079 0 0
0.000756257 0.00625069 0
0.00047354 0.00652326 0
0.000399336 0.00660127 0
0.000345373 0.00666076 0
0.000304346 0.00670803 0
0.000342398 0.00849008 0
0.00911926 0 0
0.0012179 0.00587202 0
0.000855148 0.00618455 0
0.000659846 0.0063628 0
0.000537622 0.00648027 0
0.000579955 0.00838864 0
0.000346359 0.00667978 0
0.000389784 0.00845691 0
0.00916121 0 0
0.000600865 0.00643784 0
0.0004368 0.00842399 0
