0 0 0
0 3.33333e-06 4.82725e-36
0 6.66667e-06 -1.34326e-32
0 1e-05 -1.11856e-35
0 1.33333e-05 2.72318e-35
0 1.66667e-05 -1.4527e-35
0 2e-05 -9.73186e-30
0 2.33333e-05 6.42844e-30
0 2.66667e-05 1.56568e-30
0 3e-05 -1.80625e-31
0 3.33333e-05 -3.76744e-31
0 3.66667e-05 4.08077e-32
0 4e-05 1.12439e-31
0 4.33333e-05 7.44842e-33
0 4.66667e-05 -1.82449e-32
0 5e-05 1.25652e-32
0 5.33333e-05 -3.92927e-33
0 5.66667e-05 1.24804e-34
0 6e-05 1.24804e-34
0 6.33333e-05 -4.59533e-34
0 6.66667e-05 2.24764e-33
0 7e-05 4.45301e-34
0 7.33333e-05 2.24476e-34
0 7.66667e-05 3.65697e-34
0 8e-05 -9.52144e-35
0 8.33333e-05 -2.95469e-34
0 8.66667e-05 -1.82469e-34
0 9e-05 6.66062e-35
0 9.33333e-05 6.66062e-35
0 9.66667e-05 -1.93917e-35
0 0.0001 1.63343e-35
3.33333e-05 0.0001 8.4576e-05
3.33333e-05 9.66667e-05 8.72519e-05
3.33333e-05 9.33333e-05 9.01061e-05
3.33333e-05 9e-05 9.31572e-05
3.33333e-05 8.66667e-05 9.64265e-05
3.33333e-05 8.33333e-05 9.99385e-05
3.33333e-05 8e-05 0.000103722
3.33333e-05 7.66667e-05 0.000107809
3.33333e-05 7.33333e-05 0.000112239
3.33333e-05 7e-05 0.000117058
3.33333e-05 6.66667e-05 0.000122319
3.33333e-05 6.33333e-05 0.000128088
3.33333e-05 6e-05 0.000134442
3.33333e-05 5.66667e-05 0.000141476
3.33333e-05 5.33333e-05 0.000149309
3.33333e-05 5e-05 0.000158085
3.33333e-05 4.66667e-05 0.000167989
3.33333e-05 4.33333e-05 0.000179257
3.33333e-05 4e-05 0.000192197
3.33333e-05 3.66667e-05 0.000207217
3.33333e-05 3.33333e-05 0.000224873
3.33333e-05 3e-05 0.00024594
3.33333e-05 2.66667e-05 0.000271535
3.33333e-05 2.33333e-05 0.000303328
3.33333e-05 2e-05 0.000343943
3.33333e-05 1.66667e-05 0.000397756
3.33333e-05 1.33333e-05 0.000472678
3.33333e-05 1e-05 0.000584705
3.33333e-05 6.66667e-06 0.000772111
3.33333e-05 3.33333e-06 0.001157
3.33333e-05 0 0.0024977
6.66667e-05 0 0.00310383
6.66667e-05 3.33333e-06 0.0018506
6.66667e-05 6.66667e-06 0.00133455
6.66667e-05 1e-05 0.00104951
6.66667e-05 1.33333e-05 0.000867582
6.66667e-05 1.66667e-05 0.000740913
6.66667e-05 2e-05 0.000647411
6.66667e-05 2.33333e-05 0.000575434
6.66667e-05 2.66667e-05 0.000518243
6.66667e-05 3e-05 0.00047166
6.66667e-05 3.33333e-05 0.000432955
6.66667e-05 3.66667e-05 0.000400266
6.66667e-05 4e-05 0.000372277
6.66667e-05 4.33333e-05 0.000348032
6.66667e-05 4.66667e-05 0.00032682
6.66667e-05 5e-05 0.0003081
6.66667e-05 5.33333e-05 0.000291452
6.66667e-05 5.66667e-05 0.000276547
6.66667e-05 6e-05 0.000263124
6.66667e-05 6.33333e-05 0.000250968
6.66667e-05 6.66667e-05 0.000239907
6.66667e-05 7e-05 0.000229798
6.66667e-05 7.33333e-05 0.000220523
6.66667e-05 7.66667e-05 0.00021198
6.66667e-05 8e-05 0.000204087
6.66667e-05 8.33333e-05 0.00019677
6.66667e-05 8.66667e-05 0.000189969
6.66667e-05 9e-05 0.00018363
6.66667e-05 9.33333e-05 0.000177708
6.66667e-05 9.66667e-05 0.000172162
6.66667e-05 0.0001 0.000166957
0.0001 0.0001 0.000247233
0.0001 9.66667e-05 0.00025483
0.0001 9.33333e-05 0.000262916
0.0001 9e-05 0.000271543
0.0001 8.66667e-05 0.000280765
0.0001 8.33333e-05 0.000290649
0.0001 8e-05 0.000301268
0.0001 7.66667e-05 0.000312709
0.0001 7.33333e-05 0.000325072
0.0001 7e-05 0.000338474
0.0001 6.66667e-05 0.000353054
0.0001 6.33333e-05 0.000368976
0.0001 6e-05 0.000386436
0.0001 5.66667e-05 0.000405673
0.0001 5.33333e-05 0.000426974
0.0001 5e-05 0.000450696
0.0001 4.66667e-05 0.000477282
0.0001 4.33333e-05 0.000507292
0.0001 4e-05 0.000541443
0.0001 3.66667e-05 0.000580668
0.0001 3.33333e-05 0.00062621
0.0001 3e-05 0.000679755
0.0001 2.66667e-05 0.000743652
0.0001 2.33333e-05 0.000821288
0.0001 2e-05 0.000917721
0.0001 1.66667e-05 0.00104088
0.0001 1.33333e-05 0.00120394
0.0001 1e-05 0.00143063
0.0001 6.66667e-06 0.00176854
0.0001 3.33333e-06 0.00232982
0.0001 0 0.00346027
0.000133333 0 0.0037116
0.000133333 3.33333e-06 0.00268855
0.000133333 6.66667e-06 0.00211707
0.000133333 1e-05 0.00175063
0.000133333 1.33333e-05 0.00149493
0.000133333 1.66667e-05 0.00130598
0.000133333 2e-05 0.00116047
0.000133333 2.33333e-05 0.00104482
0.000133333 2.66667e-05 0.000950631
0.000133333 3e-05 0.000872377
0.000133333 3.33333e-05 0.000806296
0.000133333 3.66667e-05 0.000749727
0.000133333 4e-05 0.000700736
0.000133333 4.33333e-05 0.000657883
0.000133333 4.66667e-05 0.000620071
0.000133333 5e-05 0.000586454
0.000133333 5.33333e-05 0.000556363
0.000133333 5.66667e-05 0.000529267
0.000133333 6e-05 0.000504736
0.000133333 6.33333e-05 0.000482419
0.000133333 6.66667e-05 0.000462027
0.000133333 7e-05 0.000443318
0.000133333 7.33333e-05 0.000426092
0.000133333 7.66667e-05 0.000410176
0.000133333 8e-05 0.000395427
0.000133333 8.33333e-05 0.000381718
0.000133333 8.66667e-05 0.000368944
0.000133333 9e-05 0.00035701
0.000133333 9.33333e-05 0.000345835
0.000133333 9.66667e-05 0.00033535
0.000133333 0.0001 0.000325491
0.000166667 0.0001 0.000401811
0.000166667 9.66667e-05 0.000413812
0.000166667 9.33333e-05 0.000426563
0.000166667 9e-05 0.000440139
0.000166667 8.66667e-05 0.000454624
0.000166667 8.33333e-05 0.000470112
0.000166667 8e-05 0.000486712
0.000166667 7.66667e-05 0.00050455
0.000166667 7.33333e-05 0.000523771
0.000166667 7e-05 0.000544545
0.000166667 6.66667e-05 0.000567069
0.000166667 6.33333e-05 0.000591577
0.000166667 6e-05 0.000618345
0.000166667 5.66667e-05 0.000647706
0.000166667 5.33333e-05 0.00068006
0.000166667 5e-05 0.000715893
0.000166667 4.66667e-05 0.000755807
0.000166667 4.33333e-05 0.00080055
0.000166667 4e-05 0.000851066
0.000166667 3.66667e-05 0.000908565
0.000166667 3.33333e-05 0.000974623
0.000166667 3e-05 0.00105133
0.000166667 2.66667e-05 0.00114154
0.000166667 2.33333e-05 0.0012492
0.000166667 2e-05 0.00138001
0.000166667 1.66667e-05 0.00154248
0.000166667 1.33333e-05 0.00174992
0.000166667 1e-05 0.00202436
0.000166667 6.66667e-06 0.00240531
0.000166667 3.33333e-06 0.00297135
0.000166667 0 0.00390491
0.0002 0 0.00406151
0.0002 3.33333e-06 0.00320252
0.0002 6.66667e-06 0.00264911
0.0002 1e-05 0.00226208
0.0002 1.33333e-05 0.00197578
0.0002 1.66667e-05 0.00175517
0.0002 2e-05 0.00157981
0.0002 2.33333e-05 0.00143698
0.0002 2.66667e-05 0.00131833
0.0002 3e-05 0.00121815
0.0002 3.33333e-05 0.0011324
0.0002 3.66667e-05 0.00105816
0.0002 4e-05 0.00099323
0.0002 4.33333e-05 0.000935954
0.0002 4.66667e-05 0.000885042
0.0002 5e-05 0.00083948
0.0002 5.33333e-05 0.00079846
0.0002 5.66667e-05 0.000761331
0.0002 6e-05 0.00072756
0.0002 6.33333e-05 0.000696707
0.0002 6.66667e-05 0.000668407
0.0002 7e-05 0.000642354
0.0002 7.33333e-05 0.000618287
0.0002 7.66667e-05 0.000595986
0.0002 8e-05 0.000575263
0.0002 8.33333e-05 0.000555954
0.0002 8.66667e-05 0.000537919
0.0002 9e-05 0.000521034
0.0002 9.33333e-05 0.000505192
0.0002 9.66667e-05 0.000490298
0.0002 0.0001 0.00047627
0.000233333 0.0001 0.00054894
0.000233333 9.66667e-05 0.000564889
0.000233333 9.33333e-05 0.000581808
0.000233333 9e-05 0.000599788
0.000233333 8.66667e-05 0.000618934
0.000233333 8.33333e-05 0.000639363
0.000233333 8e-05 0.000661211
0.000233333 7.66667e-05 0.000684631
0.000233333 7.33333e-05 0.000709801
0.000233333 7e-05 0.000736927
0.000233333 6.66667e-05 0.000766249
0.000233333 6.33333e-05 0.000798046
0.000233333 6e-05 0.00083265
0.000233333 5.66667e-05 0.000870454
0.000233333 5.33333e-05 0.000911925
0.000233333 5e-05 0.000957633
0.000233333 4.66667e-05 0.00100827
0.000233333 4.33333e-05 0.00106468
0.000233333 4e-05 0.00112793
0.000233333 3.66667e-05 0.00119936
0.000233333 3.33333e-05 0.00128067
0.000233333 3e-05 0.00137411
0.000233333 2.66667e-05 0.00148264
0.000233333 2.33333e-05 0.00161028
0.000233333 2e-05 0.00176264
0.000233333 1.66667e-05 0.00194777
0.000233333 1.33333e-05 0.00217768
0.000233333 1e-05 0.0024711
0.000233333 6.66667e-06 0.00285902
0.000233333 3.33333e-06 0.00339661
0.000233333 0 0.0041928
0.000266667 0 0.00430564
0.000266667 3.33333e-06 0.00356297
0.000266667 6.66667e-06 0.00304238
0.000266667 1e-05 0.00265684
0.000266667 1.33333e-05 0.0023596
0.000266667 1.66667e-05 0.00212327
0.000266667 2e-05 0.00193077
0.000266667 2.33333e-05 0.00177086
0.000266667 2.66667e-05 0.00163587
0.000266667 3e-05 0.00152035
0.000266667 3.33333e-05 0.00142035
0.000266667 3.66667e-05 0.00133291
0.000266667 4e-05 0.00125579
0.000266667 4.33333e-05 0.00118725
0.000266667 4.66667e-05 0.00112593
0.000266667 5e-05 0.00107073
0.000266667 5.33333e-05 0.00102078
0.000266667 5.66667e-05 0.000975356
0.000266667 6e-05 0.000933864
0.000266667 6.33333e-05 0.000895812
0.000266667 6.66667e-05 0.000860786
0.000266667 7e-05 0.000828436
0.000266667 7.33333e-05 0.000798465
0.000266667 7.66667e-05 0.000770619
0.000266667 8e-05 0.000744677
0.000266667 8.33333e-05 0.000720449
0.000266667 8.66667e-05 0.00069777
0.000266667 9e-05 0.000676494
0.000266667 9.33333e-05 0.000656495
0.000266667 9.66667e-05 0.00063766
0.000266667 0.0001 0.000619889
0.0003 0.0001 0.000689183
0.0003 9.66667e-05 0.00070868
0.0003 9.33333e-05 0.000729329
0.0003 9e-05 0.000751235
0.0003 8.66667e-05 0.000774518
0.0003 8.33333e-05 0.000799314
0.0003 8e-05 0.000825776
0.0003 7.66667e-05 0.000854078
0.0003 7.33333e-05 0.000884422
0.0003 7e-05 0.000917039
0.0003 6.66667e-05 0.000952195
0.0003 6.33333e-05 0.000990204
0.0003 6e-05 0.00103143
0.0003 5.66667e-05 0.0010763
0.0003 5.33333e-05 0.00112533
0.0003 5e-05 0.00117912
0.0003 4.66667e-05 0.00123842
0.0003 4.33333e-05 0.00130413
0.0003 4e-05 0.00137735
0.0003 3.66667e-05 0.00145946
0.0003 3.33333e-05 0.00155221
0.0003 3e-05 0.00165782
0.0003 2.66667e-05 0.00177919
0.0003 2.33333e-05 0.00192019
0.0003 2e-05 0.00208605
0.0003 1.66667e-05 0.00228405
0.0003 1.33333e-05 0.00252463
0.0003 1e-05 0.00282337
0.0003 6.66667e-06 0.00320448
0.0003 3.33333e-06 0.0037079
0.0003 0 0.00440442
0.000333333 0 0.00449216
0.000333333 3.33333e-06 0.00383586
0.000333333 6.66667e-06 0.00334923
0.000333333 1e-05 0.00297382
0.000333333 1.33333e-05 0.00267526
0.000333333 1.66667e-05 0.00243206
0.000333333 2e-05 0.00223005
0.000333333 2.33333e-05 0.00205952
0.000333333 2.66667e-05 0.00191362
0.000333333 3e-05 0.00178734
0.000333333 3.33333e-05 0.00167695
0.000333333 3.66667e-05 0.00157961
0.000333333 4e-05 0.00149311
0.000333333 4.33333e-05 0.00141574
0.000333333 4.66667e-05 0.00134611
0.000333333 5e-05 0.00128311
0.000333333 5.33333e-05 0.00122583
0.000333333 5.66667e-05 0.00117352
0.000333333 6e-05 0.00112555
0.000333333 6.33333e-05 0.00108141
0.000333333 6.66667e-05 0.00104064
0.000333333 7e-05 0.00100288
0.000333333 7.33333e-05 0.000967802
0.000333333 7.66667e-05 0.000935126
0.000333333 8e-05 0.000904614
0.000333333 8.33333e-05 0.000876056
0.000333333 8.66667e-05 0.000849269
0.000333333 9e-05 0.000824092
0.000333333 9.33333e-05 0.000800384
0.000333333 9.66667e-05 0.000778018
0.000333333 0.0001 0.000756884
0.000366667 0.0001 0.000823048
0.000366667 9.66667e-05 0.000845737
0.000366667 9.33333e-05 0.000869728
0.000366667 9e-05 0.000895141
0.000366667 8.66667e-05 0.000922104
0.000366667 8.33333e-05 0.000950766
0.000366667 8e-05 0.000981293
0.000366667 7.66667e-05 0.00101388
0.000366667 7.33333e-05 0.00104873
0.000366667 7e-05 0.0010861
0.000366667 6.66667e-05 0.00112628
0.000366667 6.33333e-05 0.0011696
0.000366667 6e-05 0.00121643
0.000366667 5.66667e-05 0.00126724
0.000366667 5.33333e-05 0.00132255
0.000366667 5e-05 0.00138299
0.000366667 4.66667e-05 0.00144933
0.000366667 4.33333e-05 0.00152246
0.000366667 4e-05 0.00160352
0.000366667 3.66667e-05 0.00169386
0.000366667 3.33333e-05 0.00179519
0.000366667 3e-05 0.00190966
0.000366667 2.66667e-05 0.00204004
0.000366667 2.33333e-05 0.00218991
0.000366667 2e-05 0.00236405
0.000366667 1.66667e-05 0.00256891
0.000366667 1.33333e-05 0.00281348
0.000366667 1e-05 0.00311066
0.000366667 6.66667e-06 0.0034796
0.000366667 3.33333e-06 0.00395008
0.000366667 0 0.00457101
0.0004 0 0.00464253
0.0004 3.33333e-06 0.00405299
0.0004 6.66667e-06 0.00359789
0.0004 1e-05 0.00323585
0.0004 1.33333e-05 0.00294091
0.0004 1.66667e-05 0.00269593
0.0004 2e-05 0.00248916
0.0004 2.33333e-05 0.00231227
0.0004 2.66667e-05 0.0021592
0.0004 3e-05 0.00202541
0.0004 3.33333e-05 0.00190745
0.0004 3.66667e-05 0.00180267
0.0004 4e-05 0.00170895
0.0004 4.33333e-05 0.00162463
0.0004 4.66667e-05 0.00154835
0.0004 5e-05 0.00147901
0.0004 5.33333e-05 0.0014157
0.0004 5.66667e-05 0.00135765
0.0004 6e-05 0.00130424
0.0004 6.33333e-05 0.00125493
0.0004 6.66667e-05 0.00120925
0.0004 7e-05 0.00116683
0.0004 7.33333e-05 0.00112732
0.0004 7.66667e-05 0.00109043
0.0004 8e-05 0.00105591
0.0004 8.33333e-05 0.00102353
0.0004 8.66667e-05 0.000993102
0.0004 9e-05 0.000964453
0.0004 9.33333e-05 0.000937429
0.0004 9.66667e-05 0.000911896
0.0004 0.0001 0.000887733
0.000433333 0.0001 0.000950991
0.000433333 9.66667e-05 0.000976555
0.000433333 9.33333e-05 0.00100355
0.000433333 9e-05 0.0010321
0.000433333 8.66667e-05 0.00106234
0.000433333 8.33333e-05 0.00109443
0.000433333 8e-05 0.00112854
0.000433333 7.66667e-05 0.00116488
0.000433333 7.33333e-05 0.00120368
0.000433333 7e-05 0.00124518
0.000433333 6.66667e-05 0.00128969
0.000433333 6.33333e-05 0.00133755
0.000433333 6e-05 0.00138915
0.000433333 5.66667e-05 0.00144495
0.000433333 5.33333e-05 0.00150549
0.000433333 5e-05 0.00157142
0.000433333 4.66667e-05 0.00164347
0.000433333 4.33333e-05 0.00172256
0.000433333 4e-05 0.00180978
0.000433333 3.66667e-05 0.00190646
0.000433333 3.33333e-05 0.00201423
0.000433333 3e-05 0.00213514
0.000433333 2.66667e-05 0.00227176
0.000433333 2.33333e-05 0.00242739
0.000433333 2e-05 0.00260633
0.000433333 1.66667e-05 0.00281426
0.000433333 1.33333e-05 0.00305891
0.000433333 1e-05 0.003351
0.000433333 6.66667e-06 0.0037059
0.000433333 3.33333e-06 0.00414643
0.000433333 0 0.00470794
0.000466667 0 0.00476815
0.000466667 3.33333e-06 0.00423186
0.000466667 6.66667e-06 0.00380511
0.000466667 1e-05 0.00345739
0.000466667 1.33333e-05 0.00316858
0.000466667 1.66667e-05 0.00292484
0.000466667 2e-05 0.00271635
0.000466667 2.33333e-05 0.00253596
0.000466667 2.66667e-05 0.00237832
0.000466667 3e-05 0.00223936
0.000466667 3.33333e-05 0.00211595
0.000466667 3.66667e-05 0.0020056
0.000466667 4e-05 0.00190632
0.000466667 4.33333e-05 0.00181653
0.000466667 4.66667e-05 0.00173492
0.000466667 5e-05 0.00166042
0.000466667 5.33333e-05 0.00159213
0.000466667 5.66667e-05 0.0015293
0.000466667 6e-05 0.0014713
0.000466667 6.33333e-05 0.00141759
0.000466667 6.66667e-05 0.00136772
0.000466667 7e-05 0.00132127
0.000466667 7.33333e-05 0.00127791
0.000466667 7.66667e-05 0.00123733
0.000466667 8e-05 0.00119929
0.000466667 8.33333e-05 0.00116354
0.000466667 8.66667e-05 0.00112988
0.000466667 9e-05 0.00109813
0.000466667 9.33333e-05 0.00106814
0.000466667 9.66667e-05 0.00103977
0.000466667 0.0001 0.00101287
0.0005 0.0001 0.00107343
0.0005 9.66667e-05 0.00110158
0.0005 9.33333e-05 0.00113127
0.0005 9e-05 0.00116263
0.0005 8.66667e-05 0.00119579
0.0005 8.33333e-05 0.00123093
0.0005 8e-05 0.00126822
0.0005 7.66667e-05 0.00130786
0.0005 7.33333e-05 0.0013501
0.0005 7e-05 0.00139519
0.0005 6.66667e-05 0.00144345
0.0005 6.33333e-05 0.0014952
0.0005 6e-05 0.00155085
0.0005 5.66667e-05 0.00161087
0.0005 5.33333e-05 0.00167578
0.0005 5e-05 0.00174622
0.0005 4.66667e-05 0.00182293
0.0005 4.33333e-05 0.0019068
0.0005 4e-05 0.00199886
0.0005 3.66667e-05 0.00210041
0.0005 3.33333e-05 0.00221299
0.0005 3e-05 0.00233852
0.0005 2.66667e-05 0.00247937
0.0005 2.33333e-05 0.00263856
0.0005 2e-05 0.00281993
0.0005 1.66667e-05 0.00302849
0.0005 1.33333e-05 0.00327088
0.0005 1e-05 0.00355611
0.0005 6.66667e-06 0.00389667
0.0005 3.33333e-06 0.00431043
0.0005 0 0.00482391
0.000533333 0 0.0048758
0.000533333 3.33333e-06 0.00438307
0.000533333 6.66667e-06 0.00398155
0.000533333 1e-05 0.00364805
0.000533333 1.33333e-05 0.00336661
0.000533333 1.66667e-05 0.0031259
0.000533333 2e-05 0.00291766
0.000533333 2.33333e-05 0.00273572
0.000533333 2.66667e-05 0.00257538
0.000533333 3e-05 0.002433
0.000533333 3.33333e-05 0.0023057
0.000533333 3.66667e-05 0.00219121
0.000533333 4e-05 0.00208767
0.000533333 4.33333e-05 0.00199359
0.000533333 4.66667e-05 0.00190771
0.000533333 5e-05 0.00182901
0.000533333 5.33333e-05 0.00175661
0.000533333 5.66667e-05 0.00168979
0.000533333 6e-05 0.00162793
0.000533333 6.33333e-05 0.00157048
0.000533333 6.66667e-05 0.00151699
0.000533333 7e-05 0.00146706
0.000533333 7.33333e-05 0.00142035
0.000533333 7.66667e-05 0.00137655
0.000533333 8e-05 0.0013354
0.000533333 8.33333e-05 0.00129667
0.000533333 8.66667e-05 0.00126014
0.000533333 9e-05 0.00122564
0.000533333 9.33333e-05 0.00119299
0.000533333 9.66667e-05 0.00116205
0.000533333 0.0001 0.00113269
0.000566667 0.0001 0.00119072
0.000566667 9.66667e-05 0.00122122
0.000566667 9.33333e-05 0.00125334
0.000566667 9e-05 0.00128721
0.000566667 8.66667e-05 0.00132299
0.000566667 8.33333e-05 0.00136083
0.000566667 8e-05 0.00140092
0.000566667 7.66667e-05 0.00144348
0.000566667 7.33333e-05 0.00148874
0.000566667 7e-05 0.00153696
0.000566667 6.66667e-05 0.00158844
0.000566667 6.33333e-05 0.00164354
0.000566667 6e-05 0.00170265
0.000566667 5.66667e-05 0.00176622
0.000566667 5.33333e-05 0.00183478
0.000566667 5e-05 0.00190895
0.000566667 4.66667e-05 0.00198945
0.000566667 4.33333e-05 0.00207712
0.000566667 4e-05 0.00217299
0.000566667 3.66667e-05 0.00227826
0.000566667 3.33333e-05 0.00239438
0.000566667 3e-05 0.00252315
0.000566667 2.66667e-05 0.00266675
0.000566667 2.33333e-05 0.00282791
0.000566667 2e-05 0.00301009
0.000566667 1.66667e-05 0.00321768
0.000566667 1.33333e-05 0.00345644
0.000566667 1e-05 0.00373397
0.000566667 6.66667e-06 0.00406057
0.000566667 3.33333e-06 0.00445054
0.000566667 0 0.0049243
0.0006 0 0.00496982
0.0006 3.33333e-06 0.00451346
0.0006 6.66667e-06 0.00413439
0.0006 1e-05 0.00381452
0.0006 1.33333e-05 0.00354097
0.0006 1.66667e-05 0.00330436
0.0006 2e-05 0.00309767
0.0006 2.33333e-05 0.00291554
0.0006 2.66667e-05 0.00275384
0.0006 3e-05 0.0026093
0.0006 3.33333e-05 0.00247932
0.0006 3.66667e-05 0.00236181
0.0006 4e-05 0.00225504
0.0006 4.33333e-05 0.0021576
0.0006 4.66667e-05 0.00206831
0.0006 5e-05 0.0019862
0.0006 5.33333e-05 0.00191042
0.0006 5.66667e-05 0.00184026
0.0006 6e-05 0.00177513
0.0006 6.33333e-05 0.0017145
0.0006 6.66667e-05 0.00165791
0.0006 7e-05 0.00160497
0.0006 7.33333e-05 0.00155534
0.0006 7.66667e-05 0.00150872
0.0006 8e-05 0.00146484
0.0006 8.33333e-05 0.00142346
0.0006 8.66667e-05 0.00138438
0.0006 9e-05 0.00134741
0.0006 9.33333e-05 0.00131238
0.0006 9.66667e-05 0.00127914
0.0006 0.0001 0.00124755
0.000633333 0.0001 0.00130323
0.000633333 9.66667e-05 0.00133584
0.000633333 9.33333e-05 0.00137014
0.000633333 9e-05 0.00140627
0.000633333 8.66667e-05 0.00144438
0.000633333 8.33333e-05 0.00148463
0.000633333 8e-05 0.00152721
0.000633333 7.66667e-05 0.00157234
0.000633333 7.33333e-05 0.00162024
0.000633333 7e-05 0.00167118
0.000633333 6.66667e-05 0.00172547
0.000633333 6.33333e-05 0.00178344
0.000633333 6e-05 0.00184548
0.000633333 5.66667e-05 0.00191205
0.000633333 5.33333e-05 0.00198366
0.000633333 5e-05 0.0020609
0.000633333 4.66667e-05 0.00214447
0.000633333 4.33333e-05 0.00223519
0.000633333 4e-05 0.00233401
0.000633333 3.66667e-05 0.00244208
0.000633333 3.33333e-05 0.00256077
0.000633333 3e-05 0.00269173
0.000633333 2.66667e-05 0.00283697
0.000633333 2.33333e-05 0.00299896
0.000633333 2e-05 0.00318081
0.000633333 1.66667e-05 0.0033864
0.000633333 1.33333e-05 0.00362071
0.000633333 1e-05 0.00389024
0.000633333 6.66667e-06 0.00420358
0.000633333 3.33333e-06 0.00457235
0.000633333 0 0.00501267
0.000666667 0 0.00505316
0.000666667 3.33333e-06 0.00462766
0.000666667 6.66667e-06 0.00426863
0.000666667 1e-05 0.00396162
0.000666667 1.33333e-05 0.0036961
0.000666667 1.66667e-05 0.00346419
0.000666667 2e-05 0.00325988
0.000666667 2.33333e-05 0.00307851
0.000666667 2.66667e-05 0.00291643
0.000666667 3e-05 0.0027707
0.000666667 3.33333e-05 0.00263896
0.000666667 3.66667e-05 0.00251929
0.000666667 4e-05 0.0024101
0.000666667 4.33333e-05 0.00231006
0.000666667 4.66667e-05 0.00221807
0.000666667 5e-05 0.00213319
0.000666667 5.33333e-05 0.00205462
0.000666667 5.66667e-05 0.00198169
0.000666667 6e-05 0.00191381
0.000666667 6.33333e-05 0.00185046
0.000666667 6.66667e-05 0.00179121
0.000666667 7e-05 0.00173567
0.000666667 7.33333e-05 0.0016835
0.000666667 7.66667e-05 0.0016344
0.000666667 8e-05 0.00158811
0.000666667 8.33333e-05 0.00154439
0.000666667 8.66667e-05 0.00150304
0.000666667 9e-05 0.00146386
0.000666667 9.33333e-05 0.00142669
0.000666667 9.66667e-05 0.00139137
0.000666667 0.0001 0.00135778
0.0007 0.0001 0.00141124
0.0007 9.66667e-05 0.00144577
0.0007 9.33333e-05 0.00148204
0.0007 9e-05 0.0015202
0.0007 8.66667e-05 0.00156039
0.0007 8.33333e-05 0.00160279
0.0007 8e-05 0.00164758
0.0007 7.66667e-05 0.00169496
0.0007 7.33333e-05 0.00174518
0.0007 7e-05 0.0017985
0.0007 6.66667e-05 0.00185521
0.0007 6.33333e-05 0.00191564
0.0007 6e-05 0.00198019
0.0007 5.66667e-05 0.00204929
0.0007 5.33333e-05 0.00212343
0.0007 5e-05 0.00220319
0.0007 4.66667e-05 0.00228925
0.0007 4.33333e-05 0.00238237
0.0007 4e-05 0.00248347
0.0007 3.66667e-05 0.00259362
0.0007 3.33333e-05 0.0027141
0.0007 3e-05 0.00284644
0.0007 2.66667e-05 0.00299248
0.0007 2.33333e-05 0.00315448
0.0007 2e-05 0.0033352
0.0007 1.66667e-05 0.0035381
0.0007 1.33333e-05 0.00376753
0.0007 1e-05 0.00402906
0.0007 6.66667e-06 0.00432994
0.0007 3.33333e-06 0.00467977
0.0007 0 0.0050915
0.000733333 0 0.00512792
0.000733333 3.33333e-06 0.00472898
0.000733333 6.66667e-06 0.00438789
0.000733333 1e-05 0.00409293
0.000733333 1.33333e-05 0.00383533
0.000733333 1.66667e-05 0.00360844
0.000733333 2e-05 0.00340706
0.000733333 2.33333e-05 0.00322711
0.000733333 2.66667e-05 0.00306536
0.000733333 3e-05 0.00291916
0.000733333 3.33333e-05 0.00278638
0.000733333 3.66667e-05 0.00266524
0.000733333 4e-05 0.00255428
0.000733333 4.33333e-05 0.00245225
0.000733333 4.66667e-05 0.00235813
0.000733333 5e-05 0.00227103
0.000733333 5.33333e-05 0.00219018
0.000733333 5.66667e-05 0.00211494
0.000733333 6e-05 0.00204473
0.000733333 6.33333e-05 0.00197908
0.000733333 6.66667e-05 0.00191754
0.000733333 7e-05 0.00185974
0.000733333 7.33333e-05 0.00180536
0.000733333 7.66667e-05 0.00175409
0.000733333 8e-05 0.00170567
0.000733333 8.33333e-05 0.00165988
0.000733333 8.66667e-05 0.0016165
0.000733333 9e-05 0.00157535
0.000733333 9.33333e-05 0.00153626
0.000733333 9.66667e-05 0.00149907
0.000733333 0.0001 0.00146366
0.000766667 0.0001 0.00151506
0.000766667 9.66667e-05 0.00155131
0.000766667 9.33333e-05 0.00158936
0.000766667 9e-05 0.00162934
0.000766667 8.66667e-05 0.0016714
0.000766667 8.33333e-05 0.00171571
0.000766667 8e-05 0.00176245
0.000766667 7.66667e-05 0.00181183
0.000766667 7.33333e-05 0.00186408
0.000766667 7e-05 0.00191947
0.000766667 6.66667e-05 0.00197827
0.000766667 6.33333e-05 0.00204083
0.000766667 6e-05 0.0021075
0.000766667 5.66667e-05 0.00217872
0.000766667 5.33333e-05 0.00225497
0.000766667 5e-05 0.0023368
0.000766667 4.66667e-05 0.00242484
0.000766667 4.33333e-05 0.00251985
0.000766667 4e-05 0.00262267
0.000766667 3.66667e-05 0.00273431
0.000766667 3.33333e-05 0.00285597
0.000766667 3e-05 0.00298906
0.000766667 2.66667e-05 0.00313528
0.000766667 2.33333e-05 0.00329666
0.000766667 2e-05 0.00347571
0.000766667 1.66667e-05 0.00367549
0.000766667 1.33333e-05 0.00389982
0.000766667 1e-05 0.00415353
0.000766667 6.66667e-06 0.00444278
0.000766667 3.33333e-06 0.00477559
0.000766667 0 0.00516258
0.0008 0 0.00519564
0.0008 3.33333e-06 0.00481983
0.0008 6.66667e-06 0.00449488
0.0008 1e-05 0.00421114
0.0008 1.33333e-05 0.00396125
0.0008 1.66667e-05 0.0037395
0.0008 2e-05 0.0035414
0.0008 2.33333e-05 0.00336334
0.0008 2.66667e-05 0.00320244
0.0008 3e-05 0.00305632
0.0008 3.33333e-05 0.00292304
0.0008 3.66667e-05 0.00280098
0.0008 4e-05 0.00268877
0.0008 4.33333e-05 0.00258527
0.0008 4.66667e-05 0.00248949
0.0008 5e-05 0.00240061
0.0008 5.33333e-05 0.0023179
0.0008 5.66667e-05 0.00224074
0.0008 6e-05 0.00216859
0.0008 6.33333e-05 0.00210097
0.0008 6.66667e-05 0.00203747
0.0008 7e-05 0.00197773
0.0008 7.33333e-05 0.00192141
0.0008 7.66667e-05 0.00186824
0.0008 8e-05 0.00181795
0.0008 8.33333e-05 0.00177032
0.0008 8.66667e-05 0.00172514
0.0008 9e-05 0.00168222
0.0008 9.33333e-05 0.0016414
0.0008 9.66667e-05 0.00160253
0.0008 0.0001 0.00156547
0.000833333 0.0001 0.00161493
0.000833333 9.66667e-05 0.00165275
0.000833333 9.33333e-05 0.0016924
0.000833333 9e-05 0.00173402
0.000833333 8.66667e-05 0.00177774
0.000833333 8.33333e-05 0.00182375
0.000833333 8e-05 0.00187223
0.000833333 7.66667e-05 0.00192337
0.000833333 7.33333e-05 0.0019774
0.000833333 7e-05 0.00203459
0.000833333 6.66667e-05 0.0020952
0.000833333 6.33333e-05 0.00215957
0.000833333 6e-05 0.00222805
0.000833333 5.66667e-05 0.00230106
0.000833333 5.33333e-05 0.00237904
0.000833333 5e-05 0.00246255
0.000833333 4.66667e-05 0.00255218
0.000833333 4.33333e-05 0.00264863
0.000833333 4e-05 0.00275271
0.000833333 3.66667e-05 0.00286538
0.000833333 3.33333e-05 0.00298774
0.000833333 3e-05 0.0031211
0.000833333 2.66667e-05 0.00326701
0.000833333 2.33333e-05 0.00342733
0.000833333 2e-05 0.00360432
0.000833333 1.66667e-05 0.00380071
0.000833333 1.33333e-05 0.00401987
0.000833333 1e-05 0.00426602
0.000833333 6.66667e-06 0.00454443
0.000833333 3.33333e-06 0.00486191
0.000833333 0 0.00522724
0.000866667 0 0.00525749
0.000866667 3.33333e-06 0.00490201
0.000866667 6.66667e-06 0.00459165
0.000866667 1e-05 0.00431837
0.000866667 1.33333e-05 0.00407589
0.000866667 1.66667e-05 0.0038593
0.000866667 2e-05 0.00366467
0.000866667 2.33333e-05 0.00348882
0.000866667 2.66667e-05 0.00332915
0.000866667 3e-05 0.00318354
0.000866667 3.33333e-05 0.00305019
0.000866667 3.66667e-05 0.00292764
0.000866667 4e-05 0.00281461
0.000866667 4.33333e-05 0.00271003
0.000866667 4.66667e-05 0.00261299
0.000866667 5e-05 0.00252271
0.000866667 5.33333e-05 0.00243849
0.000866667 5.66667e-05 0.00235976
0.000866667 6e-05 0.00228597
0.000866667 6.33333e-05 0.0022167
0.000866667 6.66667e-05 0.00215152
0.000866667 7e-05 0.0020901
0.000866667 7.33333e-05 0.0020321
0.000866667 7.66667e-05 0.00197726
0.000866667 8e-05 0.00192532
0.000866667 8.33333e-05 0.00187605
0.000866667 8.66667e-05 0.00182927
0.000866667 9e-05 0.00178477
0.000866667 9.33333e-05 0.0017424
0.000866667 9.66667e-05 0.00170201
0.000866667 0.0001 0.00166346
0.0009 0.0001 0.00171109
0.0009 9.66667e-05 0.00175033
0.0009 9.33333e-05 0.00179142
0.0009 9e-05 0.00183451
0.0009 8.66667e-05 0.00187973
0.0009 8.33333e-05 0.00192726
0.0009 8e-05 0.00197727
0.0009 7.66667e-05 0.00202996
0.0009 7.33333e-05 0.00208556
0.0009 7e-05 0.00214431
0.0009 6.66667e-05 0.00220649
0.0009 6.33333e-05 0.0022724
0.0009 6e-05 0.00234241
0.0009 5.66667e-05 0.0024169
0.0009 5.33333e-05 0.00249632
0.0009 5e-05 0.00258117
0.0009 4.66667e-05 0.00267204
0.0009 4.33333e-05 0.00276958
0.0009 4e-05 0.00287456
0.0009 3.66667e-05 0.00298787
0.0009 3.33333e-05 0.00311054
0.0009 3e-05 0.00324378
0.0009 2.66667e-05 0.00338902
0.0009 2.33333e-05 0.00354795
0.0009 2e-05 0.00372262
0.0009 1.66667e-05 0.00391547
0.0009 1.33333e-05 0.0041295
0.0009 1e-05 0.00436839
0.0009 6.66667e-06 0.00463672
0.0009 3.33333e-06 0.00494029
0.0009 0 0.00528649
0.000933333 0 0.00531435
0.000933333 3.33333e-06 0.00497691
0.000933333 6.66667e-06 0.00467981
0.000933333 1e-05 0.00441625
0.000933333 1.33333e-05 0.00418087
0.000933333 1.66667e-05 0.00396938
0.000933333 2e-05 0.00377832
0.000933333 2.33333e-05 0.00360489
0.000933333 2.66667e-05 0.00344674
0.000933333 3e-05 0.00330194
0.000933333 3.33333e-05 0.00316888
0.000933333 3.66667e-05 0.00304617
0.000933333 4e-05 0.00293266
0.000933333 4.33333e-05 0.00282735
0.000933333 4.66667e-05 0.00272938
0.000933333 5e-05 0.00263801
0.000933333 5.33333e-05 0.00255259
0.000933333 5.66667e-05 0.00247256
0.000933333 6e-05 0.00239743
0.000933333 6.33333e-05 0.00232675
0.000933333 6.66667e-05 0.00226014
0.000933333 7e-05 0.00219727
0.000933333 7.33333e-05 0.00213781
0.000933333 7.66667e-05 0.00208151
0.000933333 8e-05 0.00202811
0.000933333 8.33333e-05 0.0019774
0.000933333 8.66667e-05 0.00192918
0.000933333 9e-05 0.00188327
0.000933333 9.33333e-05 0.00183951
0.000933333 9.66667e-05 0.00179774
0.000933333 0.0001 0.00175785
0.000966667 0.0001 0.00180376
0.000966667 9.66667e-05 0.00184428
0.000966667 9.33333e-05 0.00188668
0.000966667 9e-05 0.00193109
0.000966667 8.66667e-05 0.00197765
0.000966667 8.33333e-05 0.00202653
0.000966667 8e-05 0.00207789
0.000966667 7.66667e-05 0.00213195
0.000966667 7.33333e-05 0.00218891
0.000966667 7e-05 0.00224902
0.000966667 6.66667e-05 0.00231255
0.000966667 6.33333e-05 0.00237979
0.000966667 6e-05 0.00245108
0.000966667 5.66667e-05 0.0025268
0.000966667 5.33333e-05 0.00260739
0.000966667 5e-05 0.00269331
0.000966667 4.66667e-05 0.00278512
0.000966667 4.33333e-05 0.00288345
0.000966667 4e-05 0.00298902
0.000966667 3.66667e-05 0.00310266
0.000966667 3.33333e-05 0.00322533
0.000966667 3e-05 0.00335815
0.000966667 2.66667e-05 0.00350244
0.000966667 2.33333e-05 0.00365976
0.000966667 2e-05 0.00383193
0.000966667 1.66667e-05 0.00402117
0.000966667 1.33333e-05 0.00423015
0.000966667 1e-05 0.00446212
0.000966667 6.66667e-06 0.00472107
0.000966667 3.33333e-06 0.00501199
0.000966667 0 0.00534115
0.001 0 0.00536696
0.001 3.33333e-06 0.00504563
0.001 6.66667e-06 0.00476062
0.001 1e-05 0.00450612
0.001 1.33333e-05 0.00427749
0.001 1.66667e-05 0.00407099
0.001 2e-05 0.00388356
0.001 2.33333e-05 0.00371268
0.001 2.66667e-05 0.00355625
0.001 3e-05 0.00341251
0.001 3.33333e-05 0.00327999
0.001 3.66667e-05 0.00315741
0.001 4e-05 0.00304371
0.001 4.33333e-05 0.00293794
0.001 4.66667e-05 0.00283931
0.001 5e-05 0.00274712
0.001 5.33333e-05 0.00266075
0.001 5.66667e-05 0.00257968
0.001 6e-05 0.00250342
0.001 6.33333e-05 0.00243157
0.001 6.66667e-05 0.00236374
0.001 7e-05 0.00229962
0.001 7.33333e-05 0.0022389
0.001 7.66667e-05 0.00218132
0.001 8e-05 0.00212665
0.001 8.33333e-05 0.00207466
0.001 8.66667e-05 0.00202516
0.001 9e-05 0.00197799
0.001 9.33333e-05 0.00193297
0.001 9.66667e-05 0.00188997
0.001 0.0001 0.00184885
