0 0 0
0 3.33333e-06 0.00214089
0 6.66667e-06 0.00258299
0 1e-05 0.00283792
0 1.33333e-05 0.0030158
0 1.66667e-05 0.00315167
0 2e-05 0.00326116
0 2.33333e-05 0.00335259
0 2.66667e-05 0.0034309
0 3e-05 0.00349927
0 3.33333e-05 0.00355985
0 3.66667e-05 0.00361417
0 4e-05 0.00366335
0 4.33333e-05 0.00370825
0 4.66667e-05 0.00374953
0 5e-05 0.00378769
0 5.33333e-05 0.00382316
0 5.66667e-05 0.00385628
0 6e-05 0.00388732
0 6.33333e-05 0.00391652
0 6.66667e-05 0.00394407
0 7e-05 0.00397015
0 7.33333e-05 0.00399489
0 7.66667e-05 0.00401842
0 8e-05 0.00404084
0 8.33333e-05 0.00406226
0 8.66667e-05 0.00408275
0 9e-05 0.00410239
0 9.33333e-05 0.00412123
0 9.66667e-05 0.00413935
0 0.0001 0.00415678
3.33333e-05 0.0001 0.00410532
3.33333e-05 9.66667e-05 0.00408632
3.33333e-05 9.33333e-05 0.00406653
3.33333e-05 9e-05 0.0040459
3.33333e-05 8.66667e-05 0.00402436
3.33333e-05 8.33333e-05 0.00400183
3.33333e-05 8e-05 0.00397822
3.33333e-05 7.66667e-05 0.00395342
3.33333e-05 7.33333e-05 0.00392733
3.33333e-05 7e-05 0.00389982
3.33333e-05 6.66667e-05 0.00387072
3.33333e-05 6.33333e-05 0.00383986
3.33333e-05 6e-05 0.00380703
3.33333e-05 5.66667e-05 0.00377198
3.33333e-05 5.33333e-05 0.00373443
3.33333e-05 5e-05 0.003694
3.33333e-05 4.66667e-05 0.00365026
3.33333e-05 4.33333e-05 0.00360269
3.33333e-05 4e-05 0.00355058
3.33333e-05 3.66667e-05 0.00349309
3.33333e-05 3.33333e-05 0.00342907
3.33333e-05 3e-05 0.00335702
3.33333e-05 2.66667e-05 0.00327486
3.33333e-05 2.33333e-05 0.0031796
3.33333e-05 2e-05 0.00306685
3.33333e-05 1.66667e-05 0.00292965
3.33333e-05 1.33333e-05 0.00275621
3.33333e-05 1e-05 0.00252433
3.33333e-05 6.66667e-06 0.00218515
3.33333e-05 3.33333e-06 0.00159756
3.33333e-05 0 0
6.66667e-05 0 0
6.66667e-05 3.33333e-06 0.00129506
6.66667e-05 6.66667e-06 0.00190522
6.66667e-05 1e-05 0.00228041
6.66667e-05 1.33333e-05 0.00254265
6.66667e-05 1.66667e-05 0.00274036
6.66667e-05 2e-05 0.00289703
6.66667e-05 2.33333e-05 0.00302564
6.66667e-05 2.66667e-05 0.00313402
6.66667e-05 3e-05 0.00322722
6.66667e-05 3.33333e-05 0.00330868
6.66667e-05 3.66667e-05 0.0033808
6.66667e-05 4e-05 0.00344535
6.66667e-05 4.33333e-05 0.00350365
6.66667e-05 4.66667e-05 0.00355672
6.66667e-05 5e-05 0.00360536
6.66667e-05 5.33333e-05 0.00365019
6.66667e-05 5.66667e-05 0.00369172
6.66667e-05 6e-05 0.00373037
6.66667e-05 6.33333e-05 0.00376648
6.66667e-05 6.66667e-05 0.00380035
6.66667e-05 7e-05 0.00383222
6.66667e-05 7.33333e-05 0.00386229
6.66667e-05 7.66667e-05 0.00389074
6.66667e-05 8e-05 0.00391772
6.66667e-05 8.33333e-05 0.00394337
6.66667e-05 8.66667e-05 0.00396781
6.66667e-05 9e-05 0.00399113
6.66667e-05 9.33333e-05 0.00401342
6.66667e-05 9.66667e-05 0.00403478
6.66667e-05 0.0001 0.00405525
0.0001 0.0001 0.00400653
0.0001 9.66667e-05 0.00398466
0.0001 9.33333e-05 0.00396184
0.0001 9e-05 0.00393798
0.0001 8.66667e-05 0.003913
0.0001 8.33333e-05 0.00388679
0.0001 8e-05 0.00385924
0.0001 7.66667e-05 0.00383023
0.0001 7.33333e-05 0.0037996
0.0001 7e-05 0.00376719
0.0001 6.66667e-05 0.00373279
0.0001 6.33333e-05 0.00369618
0.0001 6e-05 0.00365708
0.0001 5.66667e-05 0.00361518
0.0001 5.33333e-05 0.0035701
0.0001 5e-05 0.00352136
0.0001 4.66667e-05 0.00346841
0.0001 4.33333e-05 0.00341054
0.0001 4e-05 0.00334688
0.0001 3.66667e-05 0.00327632
0.0001 3.33333e-05 0.00319741
0.0001 3e-05 0.00310823
0.0001 2.66667e-05 0.00300618
0.0001 2.33333e-05 0.00288758
0.0001 2e-05 0.00274714
0.0001 1.66667e-05 0.00257676
0.0001 1.33333e-05 0.00236341
0.0001 1e-05 0.00208441
0.0001 6.66667e-06 0.00169589
0.0001 3.33333e-06 0.00109855
0.0001 0 0
0.000133333 0 0
0.000133333 3.33333e-06 0.000959132
0.000133333 6.66667e-06 0.00153256
0.000133333 1e-05 0.00192295
0.000133333 1.33333e-05 0.00221049
0.000133333 1.66667e-05 0.00243374
0.000133333 2e-05 0.00261372
0.000133333 2.33333e-05 0.00276299
0.000133333 2.66667e-05 0.00288953
0.000133333 3e-05 0.0029987
0.000133333 3.33333e-05 0.00309424
0.000133333 3.66667e-05 0.00317884
0.000133333 4e-05 0.00325453
0.000133333 4.33333e-05 0.00332281
0.000133333 4.66667e-05 0.00338486
0.000133333 5e-05 0.00344163
0.000133333 5.33333e-05 0.00349384
0.000133333 5.66667e-05 0.00354212
0.000133333 6e-05 0.00358695
0.000133333 6.33333e-05 0.00362874
0.000133333 6.66667e-05 0.00366785
0.000133333 7e-05 0.00370457
0.000133333 7.33333e-05 0.00373914
0.000133333 7.66667e-05 0.00377178
0.000133333 8e-05 0.00380268
0.000133333 8.33333e-05 0.00383199
0.000133333 8.66667e-05 0.00385985
0.000133333 9e-05 0.00388639
0.000133333 9.33333e-05 0.00391171
0.000133333 9.66667e-05 0.00393592
0.000133333 0.0001 0.00395909
0.000166667 0.0001 0.00391289
0.000166667 9.66667e-05 0.00388848
0.000166667 9.33333e-05 0.00386297
0.000166667 9e-05 0.00383628
0.000166667 8.66667e-05 0.00380828
0.000166667 8.33333e-05 0.00377888
0.000166667 8e-05 0.00374793
0.000166667 7.66667e-05 0.00371529
0.000166667 7.33333e-05 0.00368079
0.000166667 7e-05 0.00364423
0.000166667 6.66667e-05 0.00360539
0.000166667 6.33333e-05 0.003564
0.000166667 6e-05 0.00351975
0.000166667 5.66667e-05 0.00347227
0.000166667 5.33333e-05 0.00342114
0.000166667 5e-05 0.00336583
0.000166667 4.66667e-05 0.0033057
0.000166667 4.33333e-05 0.00323998
0.000166667 4e-05 0.0031677
0.000166667 3.66667e-05 0.00308765
0.000166667 3.33333e-05 0.00299825
0.000166667 3e-05 0.00289748
0.000166667 2.66667e-05 0.0027826
0.000166667 2.33333e-05 0.00264989
0.000166667 2e-05 0.00249409
0.000166667 1.66667e-05 0.00230748
0.000166667 1.33333e-05 0.00207828
0.000166667 1e-05 0.00178732
0.000166667 6.66667e-06 0.00140105
0.000166667 3.33333e-06 0.000854368
0.000166667 0 0
0.0002 0 0
0.0002 3.33333e-06 0.000772375
0.0002 6.66667e-06 0.00129259
0.0002 1e-05 0.00167154
0.0002 1.33333e-05 0.00196267
0.0002 1.66667e-05 0.0021951
0.0002 2e-05 0.00238612
0.0002 2.33333e-05 0.00254671
0.0002 2.66667e-05 0.00268418
0.0002 3e-05 0.00280363
0.0002 3.33333e-05 0.00290871
0.0002 3.66667e-05 0.00300212
0.0002 4e-05 0.00308591
0.0002 4.33333e-05 0.00316164
0.0002 4.66667e-05 0.00323057
0.0002 5e-05 0.00329367
0.0002 5.33333e-05 0.00335174
0.0002 5.66667e-05 0.00340544
0.0002 6e-05 0.0034553
0.0002 6.33333e-05 0.00350178
0.0002 6.66667e-05 0.00354526
0.0002 7e-05 0.00358605
0.0002 7.33333e-05 0.00362444
0.0002 7.66667e-05 0.00366066
0.0002 8e-05 0.00369491
0.0002 8.33333e-05 0.00372738
0.0002 8.66667e-05 0.00375823
0.0002 9e-05 0.00378758
0.0002 9.33333e-05 0.00381557
0.0002 9.66667e-05 0.0038423
0.0002 0.0001 0.00386787
0.000233333 0.0001 0.00382398
0.000233333 9.66667e-05 0.00379732
0.000233333 9.33333e-05 0.00376944
0.000233333 9e-05 0.00374024
0.000233333 8.66667e-05 0.00370961
0.000233333 8.33333e-05 0.00367743
0.000233333 8e-05 0.00364354
0.000233333 7.66667e-05 0.00360778
0.000233333 7.33333e-05 0.00356997
0.000233333 7e-05 0.0035299
0.000233333 6.66667e-05 0.00348731
0.000233333 6.33333e-05 0.00344194
0.000233333 6e-05 0.00339343
0.000233333 5.66667e-05 0.00334141
0.000233333 5.33333e-05 0.00328541
0.000233333 5e-05 0.00322488
0.000233333 4.66667e-05 0.00315915
0.000233333 4.33333e-05 0.00308742
0.000233333 4e-05 0.0030087
0.000233333 3.66667e-05 0.00292173
0.000233333 3.33333e-05 0.00282495
0.000233333 3e-05 0.00271634
0.000233333 2.66667e-05 0.00259325
0.000233333 2.33333e-05 0.00245213
0.000233333 2e-05 0.00228812
0.000233333 1.66667e-05 0.00209432
0.000233333 1.33333e-05 0.0018606
0.000233333 1e-05 0.00157139
0.000233333 6.66667e-06 0.00120138
0.000233333 3.33333e-06 0.000706227
0.000233333 0 0
0.000266667 0 0
0.000266667 3.33333e-06 0.000651591
0.000266667 6.66667e-06 0.00112348
0.000266667 1e-05 0.0014838
0.000266667 1.33333e-05 0.00176973
0.000266667 1.66667e-05 0.00200338
0.000266667 2e-05 0.00219872
0.000266667 2.33333e-05 0.00236509
0.000266667 2.66667e-05 0.00250894
0.000266667 3e-05 0.00263491
0.000266667 3.33333e-05 0.0027464
0.000266667 3.66667e-05 0.002846
0.000266667 4e-05 0.00293568
0.000266667 4.33333e-05 0.00301699
0.000266667 4.66667e-05 0.00309117
0.000266667 5e-05 0.00315922
0.000266667 5.33333e-05 0.00322194
0.000266667 5.66667e-05 0.00328001
0.000266667 6e-05 0.00333398
0.000266667 6.33333e-05 0.00338433
0.000266667 6.66667e-05 0.00343144
0.000266667 7e-05 0.00347567
0.000266667 7.33333e-05 0.0035173
0.000266667 7.66667e-05 0.00355657
0.000266667 8e-05 0.00359372
0.000266667 8.33333e-05 0.00362894
0.000266667 8.66667e-05 0.00366238
0.000266667 9e-05 0.0036942
0.000266667 9.33333e-05 0.00372454
0.000266667 9.66667e-05 0.0037535
0.000266667 0.0001 0.00378119
0.0003 0.0001 0.00373945
0.0003 9.66667e-05 0.00371078
0.0003 9.33333e-05 0.00368081
0.0003 9e-05 0.00364941
0.0003 8.66667e-05 0.00361646
0.0003 8.33333e-05 0.00358185
0.0003 8e-05 0.0035454
0.0003 7.66667e-05 0.00350696
0.0003 7.33333e-05 0.00346632
0.0003 7e-05 0.00342326
0.0003 6.66667e-05 0.00337753
0.0003 6.33333e-05 0.00332883
0.0003 6e-05 0.00327681
0.0003 5.66667e-05 0.00322107
0.0003 5.33333e-05 0.00316115
0.0003 5e-05 0.00309647
0.0003 4.66667e-05 0.00302637
0.0003 4.33333e-05 0.00295005
0.0003 4e-05 0.0028665
0.0003 3.66667e-05 0.00277452
0.0003 3.33333e-05 0.00267258
0.0003 3e-05 0.00255875
0.0003 2.66667e-05 0.00243053
0.0003 2.33333e-05 0.00228468
0.0003 2e-05 0.00211679
0.0003 1.66667e-05 0.00192083
0.0003 1.33333e-05 0.00168825
0.0003 1e-05 0.00140645
0.0003 6.66667e-06 0.00105606
0.0003 3.33333e-06 0.000605605
0.0003 0 0
0.000333333 0 0
0.000333333 3.33333e-06 0.0005663
0.000333333 6.66667e-06 0.000997079
0.000333333 1e-05 0.00133758
0.000333333 1.33333e-05 0.00161471
0.000333333 1.66667e-05 0.00184553
0.000333333 2e-05 0.00204138
0.000333333 2.33333e-05 0.00221013
0.000333333 2.66667e-05 0.0023574
0.000333333 3e-05 0.00248734
0.000333333 3.33333e-05 0.00260305
0.000333333 3.66667e-05 0.00270693
0.000333333 4e-05 0.00280087
0.000333333 4.33333e-05 0.00288633
0.000333333 4.66667e-05 0.00296453
0.000333333 5e-05 0.00303644
0.000333333 5.33333e-05 0.00310285
0.000333333 5.66667e-05 0.00316444
0.000333333 6e-05 0.00322177
0.000333333 6.33333e-05 0.00327531
0.000333333 6.66667e-05 0.00332547
0.000333333 7e-05 0.00337258
0.000333333 7.33333e-05 0.00341696
0.000333333 7.66667e-05 0.00345886
0.000333333 8e-05 0.00349851
0.000333333 8.33333e-05 0.0035361
0.000333333 8.66667e-05 0.00357181
0.000333333 9e-05 0.0036058
0.000333333 9.33333e-05 0.0036382
0.000333333 9.66667e-05 0.00366914
0.000333333 0.0001 0.00369872
0.000366667 0.0001 0.00365896
0.000366667 9.66667e-05 0.00362851
0.000366667 9.33333e-05 0.00359667
0.000366667 9e-05 0.00356333
0.000366667 8.66667e-05 0.00352836
0.000366667 8.33333e-05 0.00349163
0.000366667 8e-05 0.00345297
0.000366667 7.66667e-05 0.0034122
0.000366667 7.33333e-05 0.00336914
0.000366667 7e-05 0.00332355
0.000366667 6.66667e-05 0.00327516
0.000366667 6.33333e-05 0.00322368
0.000366667 6e-05 0.00316875
0.000366667 5.66667e-05 0.00310998
0.000366667 5.33333e-05 0.0030469
0.000366667 5e-05 0.00297894
0.000366667 4.66667e-05 0.00290544
0.000366667 4.33333e-05 0.00282561
0.000366667 4e-05 0.00273849
0.000366667 3.66667e-05 0.00264291
0.000366667 3.33333e-05 0.00253743
0.000366667 3e-05 0.00242023
0.000366667 2.66667e-05 0.00228901
0.000366667 2.33333e-05 0.00214081
0.000366667 2e-05 0.00197173
0.000366667 1.66667e-05 0.00177652
0.000366667 1.33333e-05 0.00154797
0.000366667 1e-05 0.00127582
0.000366667 6.66667e-06 0.000944985
0.000366667 3.33333e-06 0.000532272
0.000366667 0 0
0.0004 0 0
0.0004 3.33333e-06 0.00050249
0.0004 6.66667e-06 0.000898596
0.0004 1e-05 0.00122008
0.0004 1.33333e-05 0.00148709
0.0004 1.66667e-05 0.00171302
0.0004 2e-05 0.00190717
0.0004 2.33333e-05 0.00207616
0.0004 2.66667e-05 0.00222489
0.0004 3e-05 0.00235703
0.0004 3.33333e-05 0.00247539
0.0004 3.66667e-05 0.00258218
0.0004 4e-05 0.00267913
0.0004 4.33333e-05 0.00276766
0.0004 4.66667e-05 0.00284891
0.0004 5e-05 0.00292381
0.0004 5.33333e-05 0.00299314
0.0004 5.66667e-05 0.00305757
0.0004 6e-05 0.00311764
0.0004 6.33333e-05 0.00317382
0.0004 6.66667e-05 0.00322651
0.0004 7e-05 0.00327607
0.0004 7.33333e-05 0.00332278
0.0004 7.66667e-05 0.00336693
0.0004 8e-05 0.00340872
0.0004 8.33333e-05 0.00344838
0.0004 8.66667e-05 0.00348607
0.0004 9e-05 0.00352196
0.0004 9.33333e-05 0.00355618
0.0004 9.66667e-05 0.00358887
0.0004 0.0001 0.00362014
0.000433333 0.0001 0.00358222
0.000433333 9.66667e-05 0.00355018
0.000433333 9.33333e-05 0.0035167
0.000433333 9e-05 0.00348164
0.000433333 8.66667e-05 0.00344489
0.000433333 8.33333e-05 0.0034063
0.000433333 8e-05 0.00336572
0.000433333 7.66667e-05 0.00332296
0.000433333 7.33333e-05 0.00327782
0.000433333 7e-05 0.00323007
0.000433333 6.66667e-05 0.00317944
0.000433333 6.33333e-05 0.00312564
0.000433333 6e-05 0.00306832
0.000433333 5.66667e-05 0.00300708
0.000433333 5.33333e-05 0.00294146
0.000433333 5e-05 0.0028709
0.000433333 4.66667e-05 0.00279477
0.000433333 4.33333e-05 0.00271229
0.000433333 4e-05 0.00262256
0.000433333 3.66667e-05 0.00252446
0.000433333 3.33333e-05 0.00241663
0.000433333 3e-05 0.0022974
0.000433333 2.66667e-05 0.00216465
0.000433333 2.33333e-05 0.00201571
0.000433333 2e-05 0.00184713
0.000433333 1.66667e-05 0.00165437
0.000433333 1.33333e-05 0.0014313
0.000433333 1e-05 0.0011695
0.000433333 6.66667e-06 0.000856994
0.000433333 3.33333e-06 0.00047618
0.000433333 0 0
0.000466667 0 0
0.000466667 3.33333e-06 0.000452749
0.000466667 6.66667e-06 0.000819446
0.000466667 1e-05 0.00112335
0.000466667 1.33333e-05 0.00137996
0.000466667 1.66667e-05 0.0016
0.000466667 2e-05 0.00179115
0.000466667 2.33333e-05 0.00195904
0.000466667 2.66667e-05 0.00210791
0.000466667 3e-05 0.00224102
0.000466667 3.33333e-05 0.00236089
0.000466667 3.66667e-05 0.00246954
0.000466667 4e-05 0.00256858
0.000466667 4.33333e-05 0.00265933
0.000466667 4.66667e-05 0.00274286
0.000466667 5e-05 0.00282007
0.000466667 5.33333e-05 0.00289171
0.000466667 5.66667e-05 0.00295841
0.000466667 6e-05 0.00302071
0.000466667 6.33333e-05 0.00307906
0.000466667 6.66667e-05 0.00313387
0.000466667 7e-05 0.00318548
0.000466667 7.33333e-05 0.00323418
0.000466667 7.66667e-05 0.00328025
0.000466667 8e-05 0.0033239
0.000466667 8.33333e-05 0.00336535
0.000466667 8.66667e-05 0.00340477
0.000466667 9e-05 0.00344233
0.000466667 9.33333e-05 0.00347817
0.000466667 9.66667e-05 0.00351241
0.000466667 0.0001 0.00354517
0.0005 0.0001 0.00350896
0.0005 9.66667e-05 0.00347551
0.0005 9.33333e-05 0.00344056
0.0005 9e-05 0.00340399
0.0005 8.66667e-05 0.00336568
0.0005 8.33333e-05 0.00332548
0.0005 8e-05 0.00328322
0.0005 7.66667e-05 0.00323874
0.0005 7.33333e-05 0.00319182
0.0005 7e-05 0.00314224
0.0005 6.66667e-05 0.00308973
0.0005 6.33333e-05 0.003034
0.0005 6e-05 0.0029747
0.0005 5.66667e-05 0.00291146
0.0005 5.33333e-05 0.0028438
0.0005 5e-05 0.00277121
0.0005 4.66667e-05 0.00269305
0.0005 4.33333e-05 0.00260861
0.0005 4e-05 0.00251701
0.0005 3.66667e-05 0.00241721
0.0005 3.33333e-05 0.00230793
0.0005 3e-05 0.00218763
0.0005 2.66667e-05 0.00205439
0.0005 2.33333e-05 0.0019058
0.0005 2e-05 0.00173881
0.0005 1.66667e-05 0.00154946
0.0005 1.33333e-05 0.00133255
0.0005 1e-05 0.00108107
0.0005 6.66667e-06 0.000785369
0.0005 3.33333e-06 0.000431733
0.0005 0 0
0.000533333 0 0
0.000533333 3.33333e-06 0.000412766
0.000533333 6.66667e-06 0.000754286
0.000533333 1e-05 0.00104217
0.000533333 1.33333e-05 0.00128861
0.000533333 1.66667e-05 0.00150234
0.000533333 2e-05 0.00168975
0.000533333 2.33333e-05 0.00185567
0.000533333 2.66667e-05 0.00200379
0.000533333 3e-05 0.00213699
0.000533333 3.33333e-05 0.00225754
0.000533333 3.66667e-05 0.00236728
0.000533333 4e-05 0.00246769
0.000533333 4.33333e-05 0.00256
0.000533333 4.66667e-05 0.00264521
0.000533333 5e-05 0.00272418
0.000533333 5.33333e-05 0.00279761
0.000533333 5.66667e-05 0.00286612
0.000533333 6e-05 0.00293023
0.000533333 6.33333e-05 0.00299037
0.000533333 6.66667e-05 0.00304694
0.000533333 7e-05 0.00310027
0.000533333 7.33333e-05 0.00315067
0.000533333 7.66667e-05 0.00319838
0.000533333 8e-05 0.00324363
0.000533333 8.33333e-05 0.00328664
0.000533333 8.66667e-05 0.00332757
0.000533333 9e-05 0.00336659
0.000533333 9.33333e-05 0.00340384
0.000533333 9.66667e-05 0.00343946
0.000533333 0.0001 0.00347356
0.000566667 0.0001 0.00343894
0.000566667 9.66667e-05 0.00340423
0.000566667 9.33333e-05 0.00336799
0.000566667 9e-05 0.00333008
0.000566667 8.66667e-05 0.0032904
0.000566667 8.33333e-05 0.00324879
0.000566667 8e-05 0.00320508
0.000566667 7.66667e-05 0.00315911
0.000566667 7.33333e-05 0.00311067
0.000566667 7e-05 0.00305953
0.000566667 6.66667e-05 0.00300545
0.000566667 6.33333e-05 0.00294811
0.000566667 6e-05 0.0028872
0.000566667 5.66667e-05 0.00282233
0.000566667 5.33333e-05 0.00275306
0.000566667 5e-05 0.00267889
0.000566667 4.66667e-05 0.00259922
0.000566667 4.33333e-05 0.00251335
0.000566667 4e-05 0.00242046
0.000566667 3.66667e-05 0.00231958
0.000566667 3.33333e-05 0.00220953
0.000566667 3e-05 0.00208888
0.000566667 2.66667e-05 0.00195588
0.000566667 2.33333e-05 0.00180838
0.000566667 2e-05 0.00164366
0.000566667 1.66667e-05 0.00145828
0.000566667 1.33333e-05 0.00124776
0.000566667 1e-05 0.00100624
0.000566667 6.66667e-06 0.000725805
0.000566667 3.33333e-06 0.000395551
0.000566667 0 0
0.0006 0 0
0.0006 3.33333e-06 0.000379848
0.0006 6.66667e-06 0.000699602
0.0006 1e-05 0.000972949
0.0006 1.33333e-05 0.00120968
0.0006 1.66667e-05 0.00141699
0.0006 2e-05 0.00160027
0.0006 2.33333e-05 0.00176368
0.0006 2.66667e-05 0.00191044
0.0006 3e-05 0.0020431
0.0006 3.33333e-05 0.00216373
0.0006 3.66667e-05 0.00227397
0.0006 4e-05 0.0023752
0.0006 4.33333e-05 0.00246855
0.0006 4.66667e-05 0.00255496
0.0006 5e-05 0.00263524
0.0006 5.33333e-05 0.00271005
0.0006 5.66667e-05 0.00277999
0.0006 6e-05 0.00284555
0.0006 6.33333e-05 0.00290715
0.0006 6.66667e-05 0.00296518
0.0006 7e-05 0.00301996
0.0006 7.33333e-05 0.00307179
0.0006 7.66667e-05 0.0031209
0.0006 8e-05 0.00316753
0.0006 8.33333e-05 0.00321189
0.0006 8.66667e-05 0.00325414
0.0006 9e-05 0.00329445
0.0006 9.33333e-05 0.00333295
0.0006 9.66667e-05 0.00336979
0.0006 0.0001 0.00340508
0.000633333 0.0001 0.00337194
0.000633333 9.66667e-05 0.00333611
0.000633333 9.33333e-05 0.00329872
0.000633333 9e-05 0.00325964
0.000633333 8.66667e-05 0.00321875
0.000633333 8.33333e-05 0.00317591
0.000633333 8e-05 0.00313095
0.000633333 7.66667e-05 0.0030837
0.000633333 7.33333e-05 0.00303396
0.000633333 7e-05 0.00298151
0.000633333 6.66667e-05 0.0029261
0.000633333 6.33333e-05 0.00286744
0.000633333 6e-05 0.00280521
0.000633333 5.66667e-05 0.00273904
0.000633333 5.33333e-05 0.00266851
0.000633333 5e-05 0.00259313
0.000633333 4.66667e-05 0.00251234
0.000633333 4.33333e-05 0.00242547
0.000633333 4e-05 0.00233177
0.000633333 3.66667e-05 0.0022303
0.000633333 3.33333e-05 0.00211998
0.000633333 3e-05 0.0019995
0.000633333 2.66667e-05 0.00186728
0.000633333 2.33333e-05 0.00172136
0.000633333 2e-05 0.00155934
0.000633333 1.66667e-05 0.0013782
0.000633333 1.33333e-05 0.00117408
0.000633333 1e-05 0.000942002
0.000633333 6.66667e-06 0.000675405
0.000633333 3.33333e-06 0.000365461
0.000633333 0 0
0.000666667 0 0
0.000666667 3.33333e-06 0.000352225
0.000666667 6.66667e-06 0.000652984
0.000666667 1e-05 0.000913152
0.000666667 1.33333e-05 0.00114072
0.000666667 1.66667e-05 0.00134169
0.000666667 2e-05 0.00152066
0.000666667 2.33333e-05 0.00168123
0.000666667 2.66667e-05 0.00182622
0.000666667 3e-05 0.00195791
0.000666667 3.33333e-05 0.00207814
0.000666667 3.66667e-05 0.00218844
0.000666667 4e-05 0.00229006
0.000666667 4.33333e-05 0.00238404
0.000666667 4.66667e-05 0.00247126
0.000666667 5e-05 0.00255249
0.000666667 5.33333e-05 0.00262835
0.000666667 5.66667e-05 0.0026994
0.000666667 6e-05 0.00276611
0.000666667 6.33333e-05 0.0028289
0.000666667 6.66667e-05 0.00288814
0.000666667 7e-05 0.00294412
0.000666667 7.33333e-05 0.00299715
0.000666667 7.66667e-05 0.00304747
0.000666667 8e-05 0.00309528
0.000666667 8.33333e-05 0.0031408
0.000666667 8.66667e-05 0.0031842
0.000666667 9e-05 0.00322564
0.000666667 9.33333e-05 0.00326525
0.000666667 9.66667e-05 0.00330317
0.000666667 0.0001 0.00333951
0.0007 0.0001 0.00330777
0.0007 9.66667e-05 0.00327094
0.0007 9.33333e-05 0.00323253
0.0007 9e-05 0.00319241
0.0007 8.66667e-05 0.00315047
0.0007 8.33333e-05 0.00310655
0.0007 8e-05 0.00306051
0.0007 7.66667e-05 0.00301216
0.0007 7.33333e-05 0.00296132
0.0007 7e-05 0.00290776
0.0007 6.66667e-05 0.00285125
0.0007 6.33333e-05 0.0027915
0.0007 6e-05 0.0027282
0.0007 5.66667e-05 0.002661
0.0007 5.33333e-05 0.0025895
0.0007 5e-05 0.00251323
0.0007 4.66667e-05 0.00243164
0.0007 4.33333e-05 0.00234413
0.0007 4e-05 0.00224996
0.0007 3.66667e-05 0.00214829
0.0007 3.33333e-05 0.00203809
0.0007 3e-05 0.00191818
0.0007 2.66667e-05 0.0017871
0.0007 2.33333e-05 0.00164311
0.0007 2e-05 0.00148405
0.0007 1.66667e-05 0.00130725
0.0007 1.33333e-05 0.00110939
0.0007 1e-05 0.000886186
0.0007 6.66667e-06 0.000632144
0.0007 3.33333e-06 0.000340003
0.0007 0 0
0.000733333 0 0
0.000733333 3.33333e-06 0.000328679
0.000733333 6.66667e-06 0.000612718
0.000733333 1e-05 0.000860918
0.000733333 1.33333e-05 0.00107989
0.000733333 1.66667e-05 0.00127471
0.000733333 2e-05 0.00144932
0.000733333 2.33333e-05 0.00160685
0.000733333 2.66667e-05 0.0017498
0.000733333 3e-05 0.00188019
0.000733333 3.33333e-05 0.00199971
0.000733333 3.66667e-05 0.00210973
0.000733333 4e-05 0.00221139
0.000733333 4.33333e-05 0.00230568
0.000733333 4.66667e-05 0.00239341
0.000733333 5e-05 0.00247528
0.000733333 5.33333e-05 0.0025519
0.000733333 5.66667e-05 0.0026238
0.000733333 6e-05 0.00269142
0.000733333 6.33333e-05 0.00275517
0.000733333 6.66667e-05 0.00281538
0.000733333 7e-05 0.00287238
0.000733333 7.33333e-05 0.00292642
0.000733333 7.66667e-05 0.00297775
0.000733333 8e-05 0.00302658
0.000733333 8.33333e-05 0.00307311
0.000733333 8.66667e-05 0.00311751
0.000733333 9e-05 0.00315993
0.000733333 9.33333e-05 0.00320052
0.000733333 9.66667e-05 0.0032394
0.000733333 0.0001 0.00327668
0.000766667 0.0001 0.00324623
0.000766667 9.66667e-05 0.00320852
0.000766667 9.33333e-05 0.00316921
0.000766667 9e-05 0.00312818
0.000766667 8.66667e-05 0.00308531
0.000766667 8.33333e-05 0.00304046
0.000766667 8e-05 0.00299348
0.000766667 7.66667e-05 0.00294419
0.000766667 7.33333e-05 0.00289242
0.000766667 7e-05 0.00283793
0.000766667 6.66667e-05 0.00278051
0.000766667 6.33333e-05 0.00271987
0.000766667 6e-05 0.00265572
0.000766667 5.66667e-05 0.00258773
0.000766667 5.33333e-05 0.00251549
0.000766667 5e-05 0.00243858
0.000766667 4.66667e-05 0.00235647
0.000766667 4.33333e-05 0.00226859
0.000766667 4e-05 0.00217425
0.000766667 3.66667e-05 0.00207267
0.000766667 3.33333e-05 0.00196289
0.000766667 3e-05 0.00184383
0.000766667 2.66667e-05 0.00171417
0.000766667 2.33333e-05 0.00157231
0.000766667 2e-05 0.00141634
0.000766667 1.66667e-05 0.00124391
0.000766667 1.33333e-05 0.00105208
0.000766667 1e-05 0.000837188
0.000766667 6.66667e-06 0.000594562
0.000766667 3.33333e-06 0.000318155
0.000766667 0 0
0.0008 0 0
0.0008 3.33333e-06 0.000308345
0.0008 6.66667e-06 0.000577552
0.0008 1e-05 0.000814854
0.0008 1.33333e-05 0.0010258
0.0008 1.66667e-05 0.0012147
0.0008 2e-05 0.00138498
0.0008 2.33333e-05 0.00153938
0.0008 2.66667e-05 0.00168011
0.0008 3e-05 0.00180899
0.0008 3.33333e-05 0.00192754
0.0008 3.66667e-05 0.00203702
0.0008 4e-05 0.00213847
0.0008 4.33333e-05 0.0022328
0.0008 4.66667e-05 0.00232078
0.0008 5e-05 0.00240306
0.0008 5.33333e-05 0.00248021
0.0008 5.66667e-05 0.00255273
0.0008 6e-05 0.00262106
0.0008 6.33333e-05 0.00268556
0.0008 6.66667e-05 0.00274657
0.0008 7e-05 0.00280439
0.0008 7.33333e-05 0.00285927
0.0008 7.66667e-05 0.00291146
0.0008 8e-05 0.00296117
0.0008 8.33333e-05 0.00300857
0.0008 8.66667e-05 0.00305383
0.0008 9e-05 0.00309712
0.0008 9.33333e-05 0.00313856
0.0008 9.66667e-05 0.00317828
0.0008 0.0001 0.0032164
0.000833333 0.0001 0.00318717
0.000833333 9.66667e-05 0.00314867
0.000833333 9.33333e-05 0.00310856
0.000833333 9e-05 0.00306673
0.000833333 8.66667e-05 0.00302306
0.000833333 8.33333e-05 0.0029774
0.000833333 8e-05 0.00292961
0.000833333 7.66667e-05 0.00287953
0.000833333 7.33333e-05 0.00282696
0.000833333 7e-05 0.00277171
0.000833333 6.66667e-05 0.00271353
0.000833333 6.33333e-05 0.00265218
0.000833333 6e-05 0.00258737
0.000833333 5.66667e-05 0.00251877
0.000833333 5.33333e-05 0.00244601
0.000833333 5e-05 0.00236866
0.000833333 4.66667e-05 0.00228625
0.000833333 4.33333e-05 0.00219823
0.000833333 4e-05 0.00210396
0.000833333 3.66667e-05 0.00200269
0.000833333 3.33333e-05 0.00189357
0.000833333 3e-05 0.00177557
0.000833333 2.66667e-05 0.0016475
0.000833333 2.33333e-05 0.00150792
0.000833333 2e-05 0.00135511
0.000833333 1.66667e-05 0.00118697
0.000833333 1.33333e-05 0.00100092
0.000833333 1e-05 0.000793794
0.000833333 6.66667e-06 0.000561577
0.000833333 3.33333e-06 0.000299178
0.000833333 0 0
0.000866667 0 0
0.000866667 3.33333e-06 0.000290589
0.000866667 6.66667e-06 0.000546545
0.000866667 1e-05 0.000773896
0.000866667 1.33333e-05 0.000977339
0.000866667 1.66667e-05 0.00116059
0.000866667 2e-05 0.00132662
0.000866667 2.33333e-05 0.00147786
0.000866667 2.66667e-05 0.00161627
0.000866667 3e-05 0.00174349
0.000866667 3.33333e-05 0.00186089
0.000866667 3.66667e-05 0.00196962
0.000866667 4e-05 0.00207065
0.000866667 4.33333e-05 0.00216482
0.000866667 4.66667e-05 0.00225285
0.000866667 5e-05 0.00233533
0.000866667 5.33333e-05 0.00241282
0.000866667 5.66667e-05 0.00248579
0.000866667 6e-05 0.00255463
0.000866667 6.33333e-05 0.00261972
0.000866667 6.66667e-05 0.00268136
0.000866667 7e-05 0.00273985
0.000866667 7.33333e-05 0.00279544
0.000866667 7.66667e-05 0.00284836
0.000866667 8e-05 0.00289879
0.000866667 8.33333e-05 0.00294694
0.000866667 8.66667e-05 0.00299296
0.000866667 9e-05 0.003037
0.000866667 9.33333e-05 0.00307919
0.000866667 9.66667e-05 0.00311966
0.000866667 0.0001 0.00315852
0.0009 0.0001 0.00313043
0.0009 9.66667e-05 0.00309123
0.0009 9.33333e-05 0.00305042
0.0009 9e-05 0.00300789
0.0009 8.66667e-05 0.00296351
0.0009 8.33333e-05 0.00291716
0.0009 8e-05 0.00286868
0.0009 7.66667e-05 0.00281792
0.0009 7.33333e-05 0.00276469
0.0009 7e-05 0.0027088
0.0009 6.66667e-05 0.00265002
0.0009 6.33333e-05 0.00258811
0.0009 6e-05 0.00252279
0.0009 5.66667e-05 0.00245374
0.0009 5.33333e-05 0.00238062
0.0009 5e-05 0.00230302
0.0009 4.66667e-05 0.0022205
0.0009 4.33333e-05 0.00213252
0.0009 4e-05 0.00203849
0.0009 3.66667e-05 0.00193773
0.0009 3.33333e-05 0.00182943
0.0009 3e-05 0.00171265
0.0009 2.66667e-05 0.00158631
0.0009 2.33333e-05 0.00144908
0.0009 2e-05 0.00129943
0.0009 1.66667e-05 0.00113547
0.0009 1.33333e-05 0.000954947
0.0009 1e-05 0.000755064
0.0009 6.66667e-06 0.00053237
0.0009 3.33333e-06 0.000282525
0.0009 0 0
0.000933333 0 0
0.000933333 3.33333e-06 0.000274936
0.000933333 6.66667e-06 0.00051898
0.000933333 1e-05 0.000737213
0.000933333 1.33333e-05 0.000933653
0.000933333 1.66667e-05 0.00111152
0.000933333 2e-05 0.00127343
0.000933333 2.33333e-05 0.00142151
0.000933333 2.66667e-05 0.00155754
0.000933333 3e-05 0.001683
0.000933333 3.33333e-05 0.00179912
0.000933333 3.66667e-05 0.00190696
0.000933333 4e-05 0.00200741
0.000933333 4.33333e-05 0.00210126
0.000933333 4.66667e-05 0.00218916
0.000933333 5e-05 0.00227169
0.000933333 5.33333e-05 0.00234935
0.000933333 5.66667e-05 0.0024226
0.000933333 6e-05 0.00249181
0.000933333 6.33333e-05 0.00255734
0.000933333 6.66667e-05 0.00261948
0.000933333 7e-05 0.00267851
0.000933333 7.33333e-05 0.00273468
0.000933333 7.66667e-05 0.00278819
0.000933333 8e-05 0.00283925
0.000933333 8.33333e-05 0.00288803
0.000933333 8.66667e-05 0.0029347
0.000933333 9e-05 0.00297939
0.000933333 9.33333e-05 0.00302224
0.000933333 9.66667e-05 0.00306337
0.000933333 0.0001 0.00310289
0.000966667 0.0001 0.00307588
0.000966667 9.66667e-05 0.00303606
0.000966667 9.33333e-05 0.00299463
0.000966667 9e-05 0.00295148
0.000966667 8.66667e-05 0.0029065
0.000966667 8.33333e-05 0.00285954
0.000966667 8e-05 0.00281048
0.000966667 7.66667e-05 0.00275915
0.000966667 7.33333e-05 0.00270537
0.000966667 7e-05 0.00264896
0.000966667 6.66667e-05 0.0025897
0.000966667 6.33333e-05 0.00252736
0.000966667 6e-05 0.00246166
0.000966667 5.66667e-05 0.00239231
0.000966667 5.33333e-05 0.00231898
0.000966667 5e-05 0.00224127
0.000966667 4.66667e-05 0.00215877
0.000966667 4.33333e-05 0.00207099
0.000966667 4e-05 0.00197736
0.000966667 3.66667e-05 0.00187724
0.000966667 3.33333e-05 0.00176989
0.000966667 3e-05 0.00165445
0.000966667 2.66667e-05 0.00152991
0.000966667 2.33333e-05 0.00139507
0.000966667 2e-05 0.00124855
0.000966667 1.66667e-05 0.00108866
0.000966667 1.33333e-05 0.000913378
0.000966667 1e-05 0.000720264
0.000966667 6.66667e-06 0.000506308
0.000966667 3.33333e-06 0.000267782
0.000966667 0 0
0.001 0 0
0.001 3.33333e-06 0.000261023
0.001 6.66667e-06 0.000494297
0.001 1e-05 0.000704149
0.001 1.33333e-05 0.000894047
0.001 1.66667e-05 0.0010668
0.001 2e-05 0.00122472
0.001 2.33333e-05 0.00136969
0.001 2.66667e-05 0.00150333
0.001 3e-05 0.00162695
0.001 3.33333e-05 0.00174169
0.001 3.66667e-05 0.00184853
0.001 4e-05 0.00194828
0.001 4.33333e-05 0.00204167
0.001 4.66667e-05 0.00212931
0.001 5e-05 0.00221174
0.001 5.33333e-05 0.00228945
0.001 5.66667e-05 0.00236285
0.001 6e-05 0.0024323
0.001 6.33333e-05 0.00249815
0.001 6.66667e-05 0.00256066
0.001 7e-05 0.00262012
0.001 7.33333e-05 0.00267675
0.001 7.66667e-05 0.00273076
0.001 8e-05 0.00278234
0.001 8.33333e-05 0.00283167
0.001 8.66667e-05 0.00287889
0.001 9e-05 0.00292415
0.001 9.33333e-05 0.00296757
0.001 9.66667e-05 0.00300928
0.001 0.0001 0.00304938
